0
0.59392858607
1
0.587159505521
2
0.583489674758
3
0.596049537311
4
0.58620953105
5
0.585807031078
6
0.590063095597
7
0.588887646605
8
0.596447565062
9
0.59046559557
10
0.587537408273
11
0.588125878139
12
0.590249810862
13
0.591423023744
14
0.588331973033
15
0.590073530782
16
0.587547098087
8 5.96447565062



0
0.602967083276
1
0.603584290925
2
0.605809717835
3
0.60456919837
4
0.602594576447
5
0.605374185475
6
0.600616292023
7
0.599136641792
9
0.609760335119
10
0.605127729707
11
0.600928749103
12
0.60352004456
13
0.597283416503
14
0.601790123457
15
0.593268095042
16
0.605004349219
9 6.09760335119



0
0.598638999527
1
0.599753239024
2
0.602224892796
3
0.59888965191
4
0.603956797754
5
0.604695783546
6
0.601608677074
7
0.600246074257
10
0.597095637046
11
0.60259175327
12
0.600370751881
13
0.600121320331
14
0.602898945505
15
0.591170245235
16
0.604260785301
5 6.04695783546



0
0.603146240596
1
0.605618581086
2
0.611358940317
3
0.604259411863
4
0.602280288117
6
0.604322971509
7
0.599379511361
10
0.603022554899
11
0.604627416869
12
0.603950159471
13
0.602219170138
14
0.599503502266
15
0.595612324314
16
0.6053058951
2 6.11358940317



0
0.598950388378
1
0.603827084192
3
0.602343924064
4
0.60426292176
6
0.604818935128
7
0.606175815288
10
0.596849639091
11
0.602902531704
12
0.598209266126
13
0.603274275512
14
0.602659662134
15
0.595184879977
16
0.601048543393
7 6.06175815288



0
0.593579178684
1
0.597839582475
3
0.602475163668
4
0.602102351631
6
0.601420439805
10
0.600616749836
11
0.606550382273
12
0.595554182118
13
0.594563704619
14
0.602043980528
15
0.587894062171
16
0.598518823727
11 6.06550382273



0
0.599011887866
1
0.603273512491
3
0.603830822994
4
0.603767797464
6
0.601979123747
10
0.601054571259
12
0.596788673717
13
0.601789818248
14
0.600373956569
15
0.59135504891
16
0.606794777885
16 6.06794777885



0
0.595860763937
1
0.601358253598
3
0.60197561385
4
0.601046483236
6
0.606176044194
10
0.602406339178
12
0.601602954417
13
0.600309404996
14
0.605496116223
15
0.588262448687
6 6.06176044194



0
0.599500755391
1
0.601049077508
3
0.60845701903
4
0.60778403455
10
0.599256817592
12
0.600987349113
13
0.602776556944
14
0.600803079553
15
0.58782737414
3 6.0845701903



0
0.596358100993
1
0.603090845275
4
0.605373193548
10
0.599196310031
12
0.601610432022
13
0.603274885928
14
0.600183506539
15
0.585300096141
4 6.05373193548