0
0.647811198095
1
0.648861191228
2
0.647257626394
3
0.646268903844
4
0.648491049764
5
0.648429397671
6
0.64861435395
7
0.648923453738
8
0.65028224145
9
0.650158174243
10
0.64521631644
11
0.649540890293
12
0.648058722093
13
0.647996612187
14
0.647688122816
15
0.642991805155
16
0.646947610981
8 6.5028224145



0
0.647748477773
1
0.65065223031
2
0.648427337515
3
0.646574417434
4
0.649293442598
5
0.649231485297
6
0.649849455966
7
0.649725846572
9
0.648119611165
10
0.645896320713
11
0.647995772864
12
0.647068015688
13
0.649231561599
14
0.650219826336
15
0.641261731447
16
0.647316379008
1 6.5065223031



0
0.644598422073
2
0.648795495124
3
0.647374444902
4
0.650587983946
5
0.65083505013
6
0.651082192617
7
0.650773626944
9
0.648363014848
10
0.645893955348
11
0.650711288132
12
0.647746493919
13
0.65083505013
14
0.650526789666
15
0.638481817211
16
0.646695966671
6 6.51082192617



0
0.644163576432
2
0.647808374918
3
0.646694898442
4
0.649785820019
5
0.650094614598
7
0.650156037785
9
0.647870255917
10
0.646511391903
11
0.649909429413
12
0.647066794854
13
0.650649407133
14
0.651947076867
15
0.638357444795
16
0.648858444353
14 6.51947076867



0
0.644655953852
2
0.64897961208
3
0.647126997207
4
0.651203589251
5
0.651142242366
7
0.650462238093
9
0.649473897053
10
0.646881228159
11
0.650955073326
12
0.648052923133
13
0.651327427551
15
0.638602069313
16
0.64805353355
13 6.51327427551



0
0.644410261106
2
0.648732545896
3
0.645768285797
4
0.650771032673
5
0.650214943002
7
0.649536388469
9
0.648363014848
10
0.646138885074
11
0.650153977628
12
0.647005982084
15
0.63860306124
16
0.648733461521
4 6.50771032673



0
0.644285888691
2
0.649103297777
3
0.644964366922
5
0.651325291092
7
0.650708236048
9
0.648238184621
10
0.648422606785
11
0.650214027377
12
0.647311800882
15
0.639096812098
16
0.648485403409
5 6.51325291092



0
0.643980909216
2
0.647501945703
3
0.645524882113
7
0.650713729799
9
0.645647804789
10
0.648674251095
11
0.650527476385
12
0.647008423751
15
0.638235514047
16
0.650467121427
7 6.50713729799



0
0.643730943552
2
0.647746112408
3
0.646695661463
9
0.646326893436
10
0.645520914404
11
0.650031207557
12
0.646325367395
15
0.639036762349
16
0.648858978468
11 6.50031207557



0
0.643668528438
2
0.648858520655
3
0.645893573838
9
0.645521830029
10
0.644102153245
12
0.645894107952
15
0.637245189153
16
0.648796105541
2 6.48858520655