0
0.646199621542
1
0.648854934457
2
0.646570373422
3
0.646383891102
4
0.648793816478
5
0.648608402387
6
0.649040806361
7
0.648546445085
8
0.650460254239
9
0.649782004914
10
0.644529826489
11
0.650214408888
12
0.648606952647
13
0.649226296754
14
0.648052617925
15
0.642184071175
16
0.64712562377
8 6.50460254239



0
0.646631415099
1
0.649596285614
2
0.648484564086
3
0.647372842558
4
0.648669291459
5
0.649224999618
6
0.649286880618
7
0.649534099406
9
0.646878786491
10
0.646383585893
11
0.648730180531
12
0.647681255627
13
0.649286880618
14
0.649842893986
15
0.640576538632
16
0.647187046956
14 6.49842893986



0
0.646821102107
1
0.65052694227
2
0.647808298616
3
0.645707701933
4
0.647562224359
5
0.648797936791
6
0.649106044652
7
0.649353187139
9
0.64892024905
10
0.645524424301
11
0.648673411772
12
0.646942575043
13
0.648488302889
15
0.641630652078
16
0.647438309756
1 6.5052694227



0
0.643981672237
2
0.648181263257
3
0.646204581178
4
0.650466663615
5
0.651207404355
6
0.650157182316
7
0.650712966778
9
0.646388545529
10
0.647254650613
11
0.650342520106
12
0.64725274306
13
0.651083337148
15
0.639655419738
16
0.64787109524
5 6.51207404355



0
0.6428696455
2
0.647501869401
3
0.646450731737
4
0.650157869035
6
0.649787651269
7
0.650343588335
9
0.645401654229
10
0.647625555098
11
0.649910192434
12
0.647932518427
13
0.649663812968
15
0.636569228891
16
0.648674937814
7 6.50343588335



0
0.643792595645
2
0.647747943659
3
0.644968182026
4
0.650835279037
6
0.649971081506
9
0.644907292954
10
0.64577019335
11
0.649847548414
12
0.648241541913
13
0.651453478613
15
0.638172030704
16
0.648550718003
13 6.51453478613



0
0.643666086771
2
0.646446992934
3
0.644778342413
4
0.650151459659
6
0.648915823529
9
0.646013444429
10
0.646754032566
11
0.649718445269
12
0.645702894901
15
0.63668391094
16
0.649287719941
4 6.50151459659



0
0.64341917319
2
0.64681866044
3
0.645767599078
6
0.650584016237
9
0.644345175419
10
0.648299760411
11
0.650522364144
12
0.646941506814
15
0.637425262098
16
0.649658624426
6 6.50584016237



0
0.64397594958
2
0.647496528255
3
0.646571289048
9
0.645459262311
10
0.64638602756
11
0.650276900304
12
0.64521158571
15
0.638169283829
16
0.648918188893
11 6.50276900304



0
0.643421614858
2
0.649352424118
3
0.646635153901
9
0.644595827801
10
0.644409040272
12
0.644719437196
15
0.638417494544
16
0.648301133849
2 6.49352424118