0
0.554971691923
1
0.495428817775
2
0.55824726457
3
0.537370019381
4
0.545398144333
5
0.542493933983
6
0.546446306216
7
0.540022432816
8
0.529462299135
9
0.566709319538
10
0.567078240168
11
0.542373300371
12
0.510190984144
13
0.530574936288
14
0.514947656763
15
0.639529292374
16
0.604201727479
15 6.39529292374



0
0.641079140533
1
0.642685757451
2
0.64052366128
3
0.640770269652
4
0.639041340475
5
0.640585160769
6
0.641141860855
7
0.6402148667
8
0.641017564742
9
0.641141250439
10
0.641759755223
11
0.639905461704
12
0.641512612736
13
0.640091562514
14
0.638794503197
16
0.641759678921
1 6.42685757451



0
0.643361565109
2
0.643054449175
3
0.642311877184
4
0.643177982267
5
0.642374597506
6
0.641261578843
7
0.641323612446
8
0.642127073509
9
0.643054830686
10
0.646945093012
11
0.642868119459
12
0.641755711212
13
0.641633170047
14
0.642188496696
16
0.642126234186
10 6.46945093012



0
0.645273085199
2
0.646198934823
3
0.645767599078
4
0.645952326451
5
0.646013978544
6
0.646261273635
7
0.646199697844
8
0.645581956081
9
0.645397152406
11
0.645644294892
12
0.64502586641
13
0.646384425216
14
0.644222481649
16
0.643296326817
13 6.46384425216



0
0.646258374155
2
0.645703505318
3
0.643788933144
4
0.644961696348
5
0.645085610951
6
0.645579056601
7
0.645393795114
8
0.646073112668
9
0.645147339346
11
0.646011460575
12
0.644096583192
14
0.644158311587
16
0.643109157777
0 6.46258374155



2
0.645893802744
3
0.64768499443
4
0.646139953303
5
0.646201758
6
0.646942346137
7
0.647251293321
8
0.646757695066
9
0.646757542462
11
0.647684765524
12
0.644411176731
14
0.645028460682
16
0.64651093409
3 6.4768499443



2
0.648119153352
4
0.647007431824
5
0.64756336889
6
0.647192922218
7
0.646822170337
8
0.646450655435
9
0.648552167743
11
0.648489981535
12
0.645339620626
14
0.646080666575
16
0.646821636222
9 6.48552167743