0
0.554477712158
1
0.495365029224
2
0.557935875719
3
0.537614414992
4
0.545460559447
5
0.542437165225
6
0.546076164751
7
0.540147186742
8
0.529400189229
9
0.567141723512
10
0.567080452929
11
0.542556959514
12
0.509699598651
13
0.531132857208
14
0.51494719895
15
0.639531047323
16
0.604569579881
15 6.39531047323



0
0.640703047506
1
0.642248317539
2
0.641012452502
3
0.640642234736
4
0.639591325978
5
0.640764928505
6
0.640455981321
7
0.640393642509
8
0.641013291825
9
0.641752888034
10
0.641197790291
11
0.639715011674
12
0.641568160662
13
0.640022966931
14
0.638727433655
16
0.641567168734
1 6.42248317539



0
0.642556120191
2
0.642679271773
3
0.642308748798
4
0.642926032749
5
0.642678585054
6
0.641444017153
7
0.642184910498
8
0.642555662378
9
0.642864075448
10
0.645953165774
11
0.642432205588
12
0.641692075264
13
0.64150582185
14
0.642370553495
16
0.642370400891
10 6.45953165774



0
0.645393718812
2
0.645885943628
3
0.64452730852
4
0.64465076531
5
0.644835950495
6
0.645948358742
7
0.644959330983
8
0.646381144226
9
0.644280089731
11
0.645639335256
12
0.64502258542
13
0.647122495384
14
0.643724228967
16
0.642428771994
13 6.47122495384



0
0.646509942163
2
0.646015886096
3
0.644595598895
4
0.645892505608
5
0.645892276702
6
0.64582993789
7
0.645767980589
8
0.645892887119
9
0.645027926567
11
0.645954081399
12
0.643729951624
14
0.64465694578
16
0.643483953669
0 6.46509942163



2
0.645828793359
3
0.646878557585
4
0.646631415099
5
0.646507958309
6
0.645704726152
7
0.645889987639
8
0.64626073952
9
0.646507958309
11
0.647310351142
12
0.643974347236
14
0.644902104412
16
0.646445848403
11 6.47310351142



2
0.647314395153
3
0.648673640678
4
0.647561461338
5
0.647932060614
6
0.64848761617
7
0.648611607075
8
0.647870103313
9
0.647376352455
12
0.644041187871
14
0.646388164019
16
0.647808909033
3 6.48673640678